0 2 50
0 3 50
0 4 50
0 5 50
0 6 50
0 7 50
0 8 50
0 9 50
1 1 28
1 2 24
1 3 24
1 4 24
1 5 24
1 6 24
1 7 24
1 8 24
1 9 24
1 10 34
2 0 50
2 1 25
2 2 50
2 3 3
2 4 50
2 5 3
2 6 50
2 7 3
2 8 50
2 9 3
2 10 27
2 11 50
3 0 50
3 1 25
3 2 3
3 3 50
3 4 3
3 5 50
3 6 3
3 7 50
3 9 50
3 10 27
3 11 50
4 0 50
4 1 25
4 2 50
4 3 3
4 4 50
4 5 3
4 6 50
4 7 3
4 8 50
4 9 3
4 10 27
4 11 50
5 0 50
5 1 25
5 2 3
5 3 50
5 5 50
5 6 3
5 7 50
5 8 3
5 9 50
5 10 27
5 11 50
6 0 50
6 1 25
6 2 50
6 3 1
6 4 50
6 5 1
6 6 50
6 8 50
6 9 1
6 10 27
6 11 50
7 0 50
7 1 25
7 2 1
7 3 50
7 4 1
7 5 50
7 6 1
7 7 50
7 8 1
7 9 50
7 10 27
7 11 50
8 0 50
8 1 25
8 2 50
8 3 1
8 4 50
8 6 50
8 7 1
8 8 50
8 9 1
8 10 27
8 11 50
9 0 50
9 1 25
9 2 1
9 3 50
9 4 1
9 5 50
9 6 1
9 7 50
9 8 1
9 9 50
9 10 27
9 11 50
10 1 30
10 2 26
10 3 26
10 4 26
10 5 26
10 6 26
10 7 26
10 8 26
10 9 26
10 10 32
11 2 50
11 3 50
11 4 50
11 5 50
11 6 50
11 7 50
11 8 50
11 9 50
12 0 50
12 1 27
12 2 50
12 3 50
12 4 50
12 5 27
12 6 50
12 7 50
12 8 50
12 9 50
12 10 50
12 11 50
13 0 50
13 1 33
13 2 24
13 3 24
13 4 24
13 5 41
13 6 24
13 7 24
13 8 24
13 9 24
13 10 47
13 11 26
14 0 50
14 1 4
14 2 0
14 3 0
14 4 0
14 5 0
14 6 0
14 7 0
14 8 0
14 9 10
14 10 27
14 11 50
15 0 50
15 1 1
15 2 28
15 3 24
15 4 24
15 5 24
15 6 24
15 7 24
15 8 34
15 9 3
15 10 27
15 11 50
16 0 50
16 1 1
16 2 25
16 3 4
16 4 0
16 5 0
16 6 0
16 7 10
16 8 27
16 9 3
16 10 43
16 11 26
17 0 50
17 1 1
17 2 25
17 3 1
17 4 28
17 7 3
17 8 27
17 9 3
17 10 43
17 11 26
18 0 0
18 1 15
18 2 25
18 3 1
18 4 25
18 7 8
18 8 27
18 9 3
18 10 27
18 11 0
19 0 50
19 1 1
19 2 25
19 3 1
19 4 30
19 5 26
19 6 26
19 7 26
19 8 32
19 9 3
19 10 27
19 11 50
20 0 50
20 1 1
20 2 25
20 3 6
20 4 2
20 5 2
20 6 2
20 7 2
20 8 2
20 9 8
20 10 27
20 11 50
21 0 50
21 1 1
21 2 30
21 3 26
21 4 26
21 5 26
21 6 26
21 7 26
21 8 26
21 9 26
21 10 32
21 11 50
22 0 0
22 1 21
22 2 2
22 3 2
22 4 2
22 5 2
22 6 13
22 7 2
22 8 2
22 9 2
22 10 5
22 11 50
23 0 50
23 1 50
23 2 50
23 3 50
23 4 50
23 5 3
23 6 1
23 7 50
23 8 50
23 9 50
23 10 1
23 11 50
24 0 50
24 1 50
24 2 50
24 3 50
24 4 50
24 5 50
24 6 50
24 7 50
24 8 50
24 9 50
24 10 50
24 11 50
